object                       parts   tris   bounds  x0 y0 z0  x1 y1 z1  (MASTER px)
Exterior_Walls                  12    144       0.0     0.0    0.0    365.0   672.0  185.6
Interior_Walls                  20    240      10.0    24.0    0.0    355.0   672.0  185.6
Columns                          2     24     323.0   -32.0    0.0    397.0   699.0  185.6
PS                               3     36       0.0     0.0    0.0    195.0    78.0  185.6
Entrance                         2     24     200.0     0.0    0.0    301.0    78.0  174.2
Shower                           2     24      15.0    83.0    0.0     76.0   168.0  151.5
WD                               1     12      84.0   130.0    0.0    135.0   187.0   75.8
Powder_Room_Fixtures             2     24     137.0   143.0    0.0    222.0   187.0   60.6
Toilet                           3     36     115.0   205.0    0.0    217.0   253.0   60.6
Kitchen                          3     36     300.0    80.0    0.0    350.0   197.0   64.5
Refrigerator                     1     12     296.0   200.0    0.0    349.0   248.0  136.4
Closets                          2     24      17.0   192.0    0.0    106.0   237.0  174.2
Book_Shelf                       5     60      15.0   501.0    0.0     37.0   640.0  151.5
Storage_Wall_Pocket              6     72      16.0   280.0    0.0    165.0   502.0  166.7
Storage_Wall_Parked_Panels       5     60      16.0   280.0    0.0    164.0   500.0  166.7
Storage_Wall_Rail                2     24      16.0   280.0  181.1    165.0   502.0  185.6
Windows                          3     36     136.0   666.0    0.0    315.0   672.0  151.5
Balcony_Floor                    1     24     -13.0   672.0  -11.4    370.9   780.0    0.0
Balcony_Railing                  1     12     -35.0   758.0   -3.8    362.0   780.0   79.5
Work_Desks                       6     72      15.0   270.0    0.0     68.0   486.0   54.5
Work_Chairs                      6     72      69.0   299.0    0.0    116.0   456.0   79.5
Printer_Unit                     1     12     114.0   260.0    0.0    152.0   294.0   53.0
Meeting_Table                    5     60     159.0   500.0    0.0    295.0   568.0   54.5
Meeting_Chairs                  18    216     160.0   456.0    0.0    294.0   612.0   62.9
Monitor_55                       1     12     351.0   487.0   68.5    355.0   580.0  120.9
Floor_Slab                       1     12       0.0     0.0  -15.2    365.0   672.0    0.0

26 objects exported -> out/model_3d.glb
